2222222111222222000
2                 2
2            111  2
2            222  2
2   1        000  2
33333333  333333323
2   1             2
333   3333 33333323
2       3         2
33333333  333333323
2   1             2
333   3333 33333323
2       3         2
33333333  333333323
2   1             2
333   3333 33333323
2                 2
33333333  333333323
2   1             2
333   3333 33333323
2                 2
33333333  333333323
2   1             2
333   3333 33333323
2       3         2
3333333333333333323
