 44433333333333333333333333333333333333333333333333333333333334444
 4433333333333333333333333333333333333333333333333333333333333333344
44443333333333333333333333333333333333333333333333333333333333333333344
44333333333333333333333444444444444444444333333333333333333333333333344
3333333333333334444444444333333333333334444333333333333333333333333333344
333333333333344333333333333333333333333333344443333333333333333333333333344
333333333334433333333333333333333333333333333444433333333333333333333333344
33333333333333333333333333333333333333333333333444433333333333333333333333344
33333333333333333333333333333333333333333333333334443333333333333333333333333
3333333333333333333333333333333333333333333333333334433333333333333333333333333
333333333333333333333333333333333333333333333333333443333333333333333333333333333
333333333333333334444444444444444443333333333444444334433333333333333333333333344444444
33333333333333344443333333333333333334444444433333344444333333333333333334444443333334444
3333333333344443333333344444444444444443333444444333333433333333333333344444433444444333344
33333333344443333334444333333333333333344443333443333334433333333334444333333333333444443334
333333344443333444433333333333333333333333344333344443333443333334433334444444444333333333344
333333344333344443333333333333333333333333333444433444433443333443333444433333333333344333344
333334444333344333333334444444444444444443333334444334433443333333344333333333333333333444444
3333344333344333333444466664444444444444444666666664444443333333344444444444444444444333344
3333333444444333344446666664666444444444444666666664463344333344444444664444446666644444444
33333333333444444666666644666666446666664444666666666644444334444666446664466644446666444444
33333333333333344666666644444444446666666446666666666644444334466644444444446666446666664444
333333333333333334444666644446666644666664466666666666664444444666644666664466644666666664444
3333333333333333333334444444444444466666666666666644444444433444466664446444444666666644444
3333333333333334433333333333344444466664466644444433333334433333344444444444444444444334444
33333333333333333444444444444333333333344443333333344444433334444333333333333333333444444
33333333333333333333333333333333333333333334444444444333333333333444444444433333333334444
33333333333333333333333333333333333333333333333334433333333333333334444333333334444444444
333333333333333333333333333333333333333333333334433333333333333333333334433333333333333334444
333333333333333333333333333333333333333333344443333333333444444333333333344333333333333333344
33333333333333333333333333333333333333344444433333333333344333344333333333344333333333333334444                      4444444444
33333333333333333333333333333333344444444333333333333334433333333443333333333333333333333333344                    444433333344
33333333333333333333333333333444444443333333333333333334433333333443333333333333333333333333344                    443333333344
33333333333333333333333333333333333333333333333333333444433333333334433333333333333333333333344                    443333333344
33333333333333333333333333333333333333333333333333344444444333333334433333333333333333333334444                    4433333344444444
333333333333333333344444444444444444444444444444444443333443333333344444444444444444444444444                      4433334444333344
333333333333333334455555555555555555555555555554444443333444433334444555555555555555555555544                      44443344443333444444
333333333333333445555555555555555555555555555554433443333334444333344555555555555555555555544                      44444444333333444444
333333333333333445555444444444444444444444444444433334433334433333344444444444444444444555544                      4433334433334444333344
333333333333333445555555555555555555555555555443333334443334433333344554444444444444455555544    4444444444444444  4433334433444444333344
333333333333333445555555555555555555555555555443333334433334433333344444433333333333344555544  444433333333334444  4433334433333344333344
3333333333333333344445555555555555555555555554433333344333344333333443333333333333333333444  44333333333333333344  4433444433333344443344
3333333333333333333334444555555555555555555554433333344333344333344333333333333333333334444  44333333333333334444  4433334433334444333344
3333333333333333333333333444444444444444444444433333344333344333344333344444444444433333344  44333344444444444433444433334433334433333344
33333333333333333333333333333333333333333333344433333443333443333333344333333333344443333444444333344    443333334444333344333344333344
33333333333333333333333333333333333333333333344443333443333443333333344333333333333443333444444334444    443333333444443344333344333344
333333333333333333333333333333333333333333333334433334433333333333333443333333333334433444444444444      443333333333444444333344333344
3333333333333333333333333333333333333333333333344333344443333333333334433333333333344  44    4444        443333333333333344444444334444
33333333333333333333333333333333333333333333333443333333333333333333333443333333344                      4433333333333333333333443344
33333333333333333333333333333333333333333333333444433333333333333333333334433333344                      4433333333333333333333333344
33333333333333333333333333333333333333333333333334433333333333333333333333344333344                      4433333333333333333333334444
333333333333333333333333333333333333333333333333344443333333333333333333333444444                        44444444333333333333333344
33333333333333333333333333333333333333333333333333344443333333333333333333333                          4444333333333333333333334444
333333333333333333333333333333333333333333333333333334444333333333333333333334444                    4444333333333333333333334444
33333333333333333333333333333333333333333333333333333334444333333333333333333334444                  4433333344444444333333444444
33333333333333333333333333333333333333333333333333333334433443333333333333333333344                444433334444333333333344443344
3333333333333333333333333333333333333333333333333333333444433443333333333333333334444              443333334433333333334444334444
333333333333333333333333333333333333333333333333333333333443333443333333333333333334444          444433333333333333334444333344
33333333333333333333333333333333333333333333333333333333344333333443333333333333333334444      44443333333333333333443333333344
3333333333333333333333333333333333333333333333333333333334433333333444444444444333333334444  4444333333444444444444443333333344
3333333333333333333333333333333333333333333333333333333334433333333333333333344444433333344444433334444443333333333333333333344
3333333333333333333333333333333333333333333333333333333444433333333333333333333444444443333443333444444333344443333333333333344
333333333333333333333333333333333333333333333333333333344443333333333333333333344    44333344333344  44443333444444443333333344
333333333333333333333333333333333333333333333333333334444443333333333333333333344    44443344334444    443333333333333333333344
3333333333333333333333333333333333333333333333333334444  443333333333333333333344      4444444444      443333333333333333333344
33333333333333333333333333333333333333333333333334444    443333333333333333333344                      443333333333333333333344
333333333333333333333333333333333333333333333334444      443333333333333333333344                      443333333333333333333344
333333333333333333333333333333333333333333333334444      443333333333333333333344                      443333333333333333333344
3333333333333333333333333333333333333333333334444        443333333333333333333344                      443333333333333333333344
33333333333333333333333333333333333333333334444          443333333333333333333344                      443333333333333333333344
333333333333333333333333333333333333333334444            443333333333333333333344                      443333333333333333333344
3333333333333333333333333333333333333334444              443333333333333333333344                      443333333333333333333344
33333333333333333333333333333333333334444                443333333333333333333344                      443333333333333333333344
