 44477777777777777777777777777777777777777777777777777777777774444
 4477777777777777777777777777777777777777777777777777777777777777744
44447777777777777777777777777777777777777777777777777777777777777777744
44777777777777777777777444444444444444444777777777777777777777777777744
7777777777777774444444444777777777777774444777777777777777777777777777744
777777777777744777777777777777777777777777744447777777777777777777777777744
777777777774477777777777777777777777777777777444477777777777777777777777744
77777777777777777777777777777777777777777777777444477777777777777777777777744
7777777777777777777777777777777777777777777777777444777777777777777777777777744
777777777777777777777777777777777777777777777777777447777777777777777777777777744
77777777777777777777777777777777777777777777777777744777777777777777777777777777744
777777777777777774444444444444444447777777777444444774477777777777777777777777744444444
77777777777777744447777777777777777774444444477777744444777777777777777774444447777774444
7777777777744447777777744444444444444447777444444777777477777777777777744444477444444777744
77777777744447777774444777777777777777744447777447777774477777777774444777777777777444447774
777777744447777444477777777777777777777777744777744447777447777774477774444444444777777777744
777777744777744447777777777777777777777777777444477444477447777447777444477777777777744777744
777774444777744777777774444444444444444447777774444774477447777777744777777777777777777444444
7777744777744777777444466664444444444444444666666664444447777777744444444444444444444777744
7777777444444777744446666664666444444444444666666664467744777744444444664444446666644444444
77777777777444444666666644666666446666664444666666666644444774444666446664466644446666444444
77777777777777744666666644444444446666666446666666666644444774466644444444446666446666664444
777777777777777774444666644446666644666664466666666666664444444666644666664466644666666664444
7777777777777777777774444444444444466666666666666644444444477444466664446444444666666644444
7777777777777774477777777777744444466664466644444477777774477777744444444444444444444774444
77777777777777777444444444444777777777744447777777744444477774444777777777777777777444444
77777777777777777777777777777777777777777774444444444777777777777444444444477777777774444
77777777777777777777777777777777777777777777777774477777777777777774444777777774444444444
777777777777777777777777777777777777777777777774477777777777777777777774477777777777777774444
777777777777777777777777777777777777777777744447777777777444444777777777744777777777777777744
77777777777777777777777777777777777777744444477777777777744777744777777777744777777777777774444                      4444444444
77777777777777777777777777777777744444444777777777777774477777777447777777777777777777777777744                    444477777744
77777777777777777777777777777444444447777777777777777774477777777447777777777777777777777777744                    447777777744
77777777777777777777777777777777777777777777777777777444477777777774477777777777777777777777744                    447777777744
77777777777777777777777777777777777777777777777777744444444777777774477777777777777777777774444                    4477777744444444
777777777777777777744444444444444444444444444444444447777447777777744444444444444444444444444                      4477774444777744
777777777777777774455555555555555555555555555554444447777444477774444555555555555555555555544                      44447744447777444444
777777777777777445555555555555555555555555555554477447777774444777744555555555555555555555544                      44444444777777444444
777777777777777445555444444444444444444444444444477774477774477777744444444444444444444555544                      4477774477774444777744
777777777777777445555555555555555555555555555447777774447774477777744554444444444444455555544    4444444444444444  4477774477444444777744
777777777777777445555555555555555555555555555447777774477774477777744444477777777777744555544  444477777777774444  4477774477777744777744
7777777777777777744445555555555555555555555554477777744777744777777447777777777777777777444   4477777777777777744  4477444477777744447744
7777777777777777777774444555555555555555555554477777744777744777744777777777777777777774444  44777777777777774444  4477774477774444777744
7777777777777777777777777444444444444444444444477777744777744777744777744444444444477777744  44777744444444444477444477774477774477777744
77777777777777777777777777777777777777777777744477777447777447777777744777777777744447777444 44777744    447777774444777744777744777744
77777777777777777777777777777777777777777777744447777447777447777777744777777777777447777444 44774444    447777777444447744777744777744
77777777777777777777777777777777777777777777777447777447777777777777744777777777777447744444 444444      447777777777444444777744777744
77777777777777777777777777777777777777777777777447777444477777777777744777777777777444444    4444        447777777777777744444444774444
77777777777777777777777777777777777777777777777447777777777777777777777447777777744                      4477777777777777777777447744
77777777777777777777777777777777777777777777777444477777777777777777777774477777744                      4477777777777777777777777744
77777777777777777777777777777777777777777777777774477777777777777777777777744777744                      4477777777777777777777774444
777777777777777777777777777777777777777777777777744447777777777777777777777444444                        44444444777777777777777744
7777777777777777777777777777777777777777777777777774444777777777777777777777744                        4444777777777777777777774444
777777777777777777777777777777777777777777777777777774444777777777777777777774444                    4444777777777777777777774444
77777777777777777777777777777777777777777777777777777774444777777777777777777774444                  4477777744444444777777444444
77777777777777777777777777777777777777777777777777777774477447777777777777777777744                444477774444777777777744447744
7777777777777777777777777777777777777777777777777777777444477447777777777777777774444              447777774477777777774444774444
777777777777777777777777777777777777777777777777777777777447777447777777777777777774444          444477777777777777774444777744
77777777777777777777777777777777777777777777777777777777744777777447777777777777777774444      44447777777777777777447777777744
7777777777777777777777777777777777777777777777777777777774477777777444444444444777777774444  4444777777444444444444447777777744
7777777777777777777777777777777777777777777777777777777774477777777777777777744444477777744444477774444447777777777777777777744
7777777777777777777777777777777777777777777777777777777444477777777777777777777444444447777447777444444777744447777777777777744
777777777777777777777777777777777777777777777777777777744447777777777777777777744    44777744777744  44447777444444447777777744
777777777777777777777777777777777777777777777777777774444447777777777777777777744    44447744774444    447777777777777777777744
7777777777777777777777777777777777777777777777777774444  447777777777777777777744      4444444444      447777777777777777777744
77777777777777777777777777777777777777777777777774444    447777777777777777777744                      447777777777777777777744
777777777777777777777777777777777777777777777774444      447777777777777777777744                      447777777777777777777744
777777777777777777777777777777777777777777777774444      447777777777777777777744                      447777777777777777777744
7777777777777777777777777777777777777777777774444        447777777777777777777744                      447777777777777777777744
77777777777777777777777777777777777777777774444          447777777777777777777744                      447777777777777777777744
777777777777777777777777777777777777777774444            447777777777777777777744                      447777777777777777777744
7777777777777777777777777777777777777774444              447777777777777777777744                      447777777777777777777744
77777777777777777777777777777777777774444                447777777777777777777744                      447777777777777777777744
